0.933881
0.925241
0.915751
0.902853
0.909091
0.906454
0.905469
0.898957
0.887154
0.881213
0.890948
0.885583
0.866251
0.855578
0.868961
0.857339
0.846310
0.836960
0.837240
0.831670
0.820210
0.818063
0.816193
0.786658
0.797194
0.796178
0.762195
0.757805
0.765931
0.751428
0.744048
0.714082
0.722126
0.692137
0.700673
0.674400
0.657722
0.668449
0.647836
0.641026
0.604887
0.587820
0.600962
0.572869
0.561545
0.547046
0.530786
0.541360
0.503829
0.487702
0.472306
0.487702
0.460108
0.450110
0.429114
0.410518
0.398120
0.387323
0.361328
0.367926
0.366127
0.329734
0.318536
0.300140
0.308738
0.300340
0.265947
0.261748
0.247950
0.239152
0.227155
0.224955
0.191562
0.195161
0.182164
0.168566
0.156369
0.139372
0.137373
0.131374
0.129974
0.124975
0.110178
0.114577
0.103979
0.091582
0.081584
0.082783
0.059388
0.054389
0.058988
0.064987
0.047790
0.046991
0.045791
0.032394
0.030194
0.024995
0.027395
0.020396
0.023795
0.022196
0.015997
0.011798
0.012398
0.007998
0.011598
0.009198
0.005799
0.008198
0.005599
0.006399
0.004599
0.004399
0.002200
0.004799
0.002200
0.002799
0.001600
0.001400
0.002999
0.001400
0.001200
0.001400
0.001400
0.000800
0.000600
0.001200
0.001000
0.000800
0.001000
0.000400
0.000400
0.000400
0.000400
0.000200
0.000200
0.000000
